[-0.3103788495063782, 0.20816968381404877, 0.9021732211112976],
[-0.2412874549627304, 0.21155597269535065, 0.9092869758605957],
[-0.19911204278469086, 0.2076052576303482, 0.8924124836921692],
[-0.23708832263946533, 0.18825772404670715, 0.9412122368812561],
[-0.2746868431568146, 0.17273056507110596, 0.9655194878578186],
[-0.27698686718940735, 0.1568019539117813, 0.9937079548835754],
[-0.20621158182621002, 0.13297036290168762, 1.0304497480392456],
[-0.3061258792877197, 0.11988385021686554, 1.0544846057891846],
[-0.24355772137641907, 0.1199633926153183, 1.0552380084991455],
[-0.30645254254341125, 0.1024651825428009, 1.0843398571014404],
[-0.24740150570869446, 0.096726194024086, 1.089730143547058],
[-0.12599721550941467, 0.19377468526363373, 0.8839865922927856],
[-0.11357908695936203, 0.505807638168335, 2.656207323074341],
[0.10381188988685608, 0.45070210099220276, 2.8906421661376953],
[0.07288794219493866, 0.08622042834758759, 1.063478946685791],
[0.15284010767936707, 0.06357734650373459, 1.0952370166778564],
[0.15698301792144775, 0.14513954520225525, 0.9543092846870422],
[-0.09062656760215759, 0.06751318275928497, 1.0909947156906128],
[-0.047709643840789795, 0.08860450983047485, 1.0676332712173462],
